Round:1,rmse:6149.048709082706
Round:2,rmse:183607.6569055069
Round:3,rmse:5638560.647325726
